%YAML:1.0
cam0:
  cam_overlaps: []
  camera_model: pinhole
  distortion_coeffs: [-0.39068253024946936, 0.16263895515155055, -1.549676144742955e-05,
    -1.546082374713836e-05]
  distortion_model: radtan
  intrinsics: [222.83392335419495, 222.66595496588755, 116.2311972651792, 83.0270945314079]
  resolution: [240, 180]
  rostopic: /dvs/image_raw
  cam_to_body: [1.0,  0.0,  0.0, -2.055,
                0.0,  0.0,  1.0,  0.87,
                0.0, -1.0,  0.0,  0.0,
                0.0,  0.0,  0.0,  1.0]
